4294967278,18
4294967278,17
4294967278,16
4294967278,15
4294967278,14
4294967278,13
4294967278,12
4294967278,41
4294967278,40
4294967278,39
4294967278,38
4294967278,37
4294967278,36
4294967278,35
4294967278,34
4294967278,33
4294967278,32
4294967278,31
4294967278,30
4294967278,29
4294967278,28
4294967278,27
4294967278,26
4294967278,25
4294967278,24
4294967278,23
4294967278,22
4294967278,21
4294967278,20
4294967278,19
4294967279,41
4294967279,40
4294967279,39
4294967279,36
4294967279,35
4294967279,34
4294967279,33
4294967279,32
4294967279,31
4294967279,30
4294967279,27
4294967279,25
4294967279,22
4294967279,20
4294967279,18
4294967279,17
4294967279,15
4294967279,14
4294967279,13
4294967279,12
4294967279,10
4294967278,225
4294967278,223
4294967278,220
4294967278,218
4294967279,330
4294967278,216
4294967278,217
4294967278,214
23,6
4294967294,115
4294967278,211
4294967279,329
4294967278,528
4294967278,527
23,5
4294967278,210
4294967278,209
23,4
23,3
23,2
23,1
4294967279,328
4294967278,208
4294967278,207
4294967294,428
4294967278,206
4294967278,526
4294967279,327
4294967279,326
4294967278,205
22,5
4294967278,203
22,4
4294967278,202
22,3
22,2
22,1
4294967278,525
4294967278,201
4294967279,325
4294967278,199
4294967279,324
4294967278,524
4294967279,323
4294967278,196
4294967278,195
4294967294,89
4294967278,194
21,4
21,3
21,2
21,1
4294967279,322
4294967278,193
4294967278,191
4294967278,190
4294967278,523
4294967294,392
4294967294,389
4294967294,120
4294967294,114
4294967294,396
4294967294,395
4294967294,420
4294967294,179
4294967294,178
4294967294,414
4294967294,167
4294967294,398
4294967294,443
4294967294,946
4294967294,453
4294967294,108
4294967278,189
4294967294,1417
4294967294,390
4294967294,468
4294967278,186
4294967279,321
4294967278,522
4294967278,521
19,5
4294967294,17
4294967294,99
4294967294,76
4294967294,41
4294967294,67
4294967278,185
4294967278,184
19,4
19,3
19,2
19,1
4294967279,320
4294967278,183
0,7
4294967294,42
4294967278,520
4294967279,319
4294967278,519
4294967278,180
4294967278,518
4294967279,318
4294967279,317
4294967278,517
4294967279,316
4294967279,315
4294967278,516
4294967278,515
4294967294,2
4294967294,1
4294967294,469
4294967294,905
4294967294,186
4294967279,314
4294967294,904
4294967294,0
4294967294,438
4294967294,45
8,2
4294967278,312
4294967294,951
4294967294,950
4294967294,29
4294967294,387
4294967294,388
4294967294,46
4294967294,417
4294967294,51
4294967294,52
4294967294,393
4294967294,44
4294967294,43
4294967294,82
4294967278,514
4294967278,173
4294967278,311
4294967279,313
4294967278,513
4294967278,260
4294967278,0
4294967294,5
4294967294,107
4294967294,50
4294967294,91
4294967294,90
4294967294,87
4294967294,86
4294967294,85
4294967294,84
4294967294,83
4294967294,921
4294967294,419
4294967294,28
4294967294,920
4294967294,27
4294967294,470
4294967294,25
4294967294,915
4294967294,26
4294967294,53
4294967294,1416
4294967294,424
4294967294,96
4294967294,94
4294967294,9
4294967294,8
4294967279,312
4294967278,310
4294967294,6
4294967294,22
4294967294,93
4294967294,95
8,4
4294967278,170
4294967278,169
4294967294,81
4294967294,970
4294967294,1414
4294967294,68
4294967294,11
4294967294,92
4294967294,88
4294967278,132
4294967278,131
4294967278,130
4294967278,129
4294967278,128
4294967278,127
4294967278,126
4294967278,125
4294967278,124
4294967278,123
4294967278,122
4294967278,121
4294967278,120
4294967278,119
4294967278,118
4294967278,117
4294967278,116
4294967278,115
4294967278,114
4294967278,113
4294967278,112
4294967278,111
4294967278,110
4294967278,109
4294967278,108
4294967278,107
4294967278,106
4294967278,105
4294967278,104
4294967278,103
4294967278,102
4294967278,101
4294967278,100
4294967278,99
4294967278,98
4294967278,97
4294967278,96
4294967278,95
4294967278,94
4294967278,93
4294967278,92
4294967278,91
4294967278,90
4294967278,89
4294967278,87
4294967278,86
4294967278,85
4294967278,84
4294967278,83
4294967278,82
4294967278,81
4294967278,80
4294967278,79
